1
1
1
1
1
1
1
1
1
1
1
1
1
1
1
1
1
1
1
1
1
1
1
1
1
1
1
1
1
1
1
1
1
1
1
1
1
1
1
1
1
1
1
1
1
1
1
1
1
1
1
1
1
1
1
1
1
1
1
1
1
2
2
2
2
2
2
2
2
2
2
2
2
2
2
2
2
2
2
2
2
2
2
2
2
2
2
2
2
2
2
2
2
2
2
2
2
2
2
2
2
2
2
2
2
2
2
2
2
2
2
2
2
2
2
2
2
2
2
15
15
15
15
15
15
15
15
15
15
20
28
28
28
28
28
28
28
28
28
28
28
28
28
28
28
28
28
28
28
28
28
28
28
28
28
28
28
28
28
28
28
28
28
28
28
28
28
28
28
28
28
28
28
28
28
28
28
28
28
28
29
29
29
29
29
29
29
29
29
29
29
29
29
29
29
29
29
29
29
29
29
29
29
29
29
29
29
29
29
29
29
29
29
29
43
43
43
43
43
43
43
43
43
43
43
43
43
43
43
43
43
43
43
43
43
76
76
76
76
76
76
76
76
76
76
76
76
76
76
76
76
76
76
76
76
76
80
80
80
80
80
80
80
80
80
80
80
80
80
80
80
80
80
80
80
80
80
80
80
80
80
80
80
80
80
80
80
80
80
80
80
80
80
80
80
80
89
89
89
89
89
89
89
89
89
89
89
89
89
89
89
89
89
89
89
89
89
89
89
89
89
89
89
89
89
89
89
89
89
89
89
89
89
89
89
89
89
89
89
89
89
89
89
89
99
99
107
107
107
107
107
107
107
107
107
107
107
107
107
107
107
107
107
107
107
107
107
107
107
107
107
107
107
107
107
107
107
107
107
107
107
107
107
107
107
107
107
107
107
107
107
115
115
115
115
115
115
115
115
115
115
115
115
115
115
115
124
124
124
124
124
124
124
124
124
124
124
124
124
124
124
124
124
124
124
124
124
124
124
124
124
124
124
124
124
124
124
124
124
124
124
124
124
124
157
157
157
157
157
157
157
157
157
157
157
157
157
157
157
157
157
157
157
157
157
157
157
157
157
157
157
157
157
157
157
157
157
157
157
157
157
157
157
157
157
157
157
157
157
157
157
157
157
157
157
157
157
157
157
157
157
158
158
3842
158
158
3842
158
3842
158
158
158
158
158
3842
158
3842
158
158
158
158
158
158
3842
158
158
3842
158
158
158
3842
158
158
158
3842
158
158
158
158
158
158
158
158
158
158
158
158
158
158
158
158
158
158
158
158
158
158
3842
3842
3842
158
158
158
158
158
158
158
3842
158
158
158
158
3842
158
158
158
158
3842
158
3842
158
158
159
159
159
159
159
159
159
159
159
159
159
159
159
159
159
159
159
159
159
159
159
159
159
163
163
163
163
163
163
163
163
163
163
163
163
163
163
163
163
163
163
163
163
163
163
163
163
163
163
163
163
163
163
163
163
178
178
178
178
178
178
178
178
178
178
178
178
178
178
178
178
178
178
178
178
178
178
178
178
178
178
178
178
178
178
178
178
178
178
178
178
178
178
178
178
178
178
178
178
178
178
178
178
178
178
179
179
179
179
179
179
179
179
179
179
179
179
179
179
179
179
179
179
179
179
179
179
179
179
179
179
179
179
179
179
179
179
179
179
179
179
179
179
179
179
179
179
179
179
179
179
179
179
179
179
179
179
179
181
181
181
181
181
181
181
181
181
181
181
181
181
181
181
181
181
181
181
181
181
181
181
181
181
181
181
181
181
181
181
181
181
181
181
181
181
181
181
181
181
181
181
181
181
181
184
184
184
184
184
184
184
184
184
184
184
184
184
184
184
184
184
184
184
184
184
198
198
198
198
198
198
198
198
198
198
198
198
198
198
198
198
198
198
198
198
208
208
208
208
208
208
208
208
208
208
208
208
373
208
208
208
208
208
208
208
208
208
208
208
208
208
208
208
208
208
208
208
208
215
215
215
215
215
215
215
215
215
215
215
215
215
215
215
215
215
215
215
215
215
215
215
215
215
215
215
215
215
215
215
215
215
215
215
215
215
215
215
215
215
215
215
215
215
215
215
215
215
215
215
215
215
215
215
215
215
215
215
215
215
215
215
215
215
227
227
227
227
227
227
227
227
227
227
227
227
227
227
420
420
420
420
420
420
420
420
420
455
455
455
455
455
455
455
455
455
455
455
455
455
455
455
455
455
455
455
455
455
455
455
455
455
455
455
927
927
927
927
927
927
927
927
927
927
927
927
927
927
927
927
927
927
927
927
927
927
927
927
927
927
927
927
927
927
1800
1800
1800
1800
1800
1800
1800
1800
1800
1800
1800
1800
1800
1800
1800
1800
1800
1800
1800
1800
1800
1800
1800
1800
1800
3802
3802
3802
3802
3802
3802
3802
3802
3802
3802
3802
3813
3813
3813
3813
3813
3813
3813
3813
3813
3813
3831
3831
3831
3831
3843
3843
3843
3843
3843
3843
3860
3860
3860
3860
3860
3882
4028
4028
4028
4028
4030
4030
4030
4116
4030
4030
4030
4030
4030
4053
4053
4053
4053
4053
4053
4053
4053
4053
4080
4080
4080
4080
4080
4121
4121
4121
4121
4305
4305
4938
4938
4938
4938
5476
5476
5476
5505
5505
5505
432
5505
